[gd_scene load_steps=28 format=2]

[ext_resource path="res://plere.gltf" type="PackedScene" id=1]
[ext_resource path="res://plere/walk.anim" type="Animation" id=2]
[ext_resource path="res://light.png" type="Texture" id=3]
[ext_resource path="res://transformLinker.gd" type="Script" id=4]
[ext_resource path="res://tilemap.png" type="Texture" id=5]
[ext_resource path="res://viewport.tres" type="Environment" id=6]
[ext_resource path="res://skeleton_sync.png" type="Texture" id=7]
[ext_resource path="res://Player.gd" type="Script" id=8]
[ext_resource path="res://normal.tres" type="Material" id=14]

[sub_resource type="World" id=1]
environment = ExtResource( 6 )

[sub_resource type="GDScript" id=2]
script/source = "extends Node
class_name SkeletonSync, \"res://interface/skeleton_sync.png\"
export(NodePath) var sourceSkeleton;
export(NodePath) var targetSkeleton;

var source;
var target;

# Declare member variables here. Examples:
# var a = 2
# var b = \"text\"


# Called when the node enters the scene tree for the first time.
func _ready():
	source = get_node(sourceSkeleton);
	target = get_node(targetSkeleton);


		
"

[sub_resource type="Shader" id=3]
code = "shader_type canvas_item;

void fragment(){
	COLOR = texture(TEXTURE, UV);
	COLOR = floor(COLOR*5.0f)/5.0f;
}

void light(){

	LIGHT = floor(LIGHT*5.0f)/5.0f;
}"

[sub_resource type="ShaderMaterial" id=4]
shader = SubResource( 3 )

[sub_resource type="ViewportTexture" id=5]
viewport_path = NodePath("Viewport")

[sub_resource type="ViewportTexture" id=6]
viewport_path = NodePath("vp_n")

[sub_resource type="CapsuleShape2D" id=7]
radius = 10.8983
height = 37.7005

[sub_resource type="OccluderPolygon2D" id=8]
polygon = PoolVector2Array( 0, 0, 16, 0, 16, 16, 0, 16 )

[sub_resource type="ConvexPolygonShape2D" id=9]
points = PoolVector2Array( 0, 0, 16, 0, 16, 16, 0, 16 )

[sub_resource type="ConvexPolygonShape2D" id=10]
points = PoolVector2Array( 0, 0, 16, 0, 16, 16, 0, 16 )

[sub_resource type="ConvexPolygonShape2D" id=11]
points = PoolVector2Array( 0, 0, 16, 0, 16, 16, 0, 16 )

[sub_resource type="ConvexPolygonShape2D" id=12]
points = PoolVector2Array( 0, 0, 16, 0, 16, 16, 0, 16 )

[sub_resource type="ConvexPolygonShape2D" id=13]
points = PoolVector2Array( 0, 0, 16, 0, 16, 16, 0, 16 )

[sub_resource type="ConvexPolygonShape2D" id=14]
points = PoolVector2Array( 0, 0, 16, 0, 16, 16, 0, 16 )

[sub_resource type="ConvexPolygonShape2D" id=15]
points = PoolVector2Array( 0, 0, 16, 0, 16, 16, 0, 16 )

[sub_resource type="ConvexPolygonShape2D" id=16]
points = PoolVector2Array( 0, 0, 16, 0, 16, 16, 0, 16 )

[sub_resource type="ConvexPolygonShape2D" id=17]
points = PoolVector2Array( 0, 0, 16, 0, 16, 16, 0, 16 )

[sub_resource type="TileSet" id=18]
0/name = "auto"
0/texture = ExtResource( 5 )
0/tex_offset = Vector2( 0, 0 )
0/modulate = Color( 1, 1, 1, 1 )
0/region = Rect2( 32, 16, 48, 48 )
0/tile_mode = 1
0/autotile/bitmask_mode = 2
0/autotile/bitmask_flags = [ Vector2( 0, 0 ), 21233840, Vector2( 0, 1 ), 4260278, Vector2( 0, 2 ), 17104946, Vector2( 1, 0 ), 328184, Vector2( 1, 1 ), 511, Vector2( 1, 2 ), 20971583, Vector2( 2, 0 ), 21037208, Vector2( 2, 1 ), 17039579, Vector2( 2, 2 ), 4522010 ]
0/autotile/icon_coordinate = Vector2( 1, 1 )
0/autotile/tile_size = Vector2( 16, 16 )
0/autotile/spacing = 0
0/autotile/occluder_map = [ Vector2( 1, 1 ), SubResource( 8 ) ]
0/autotile/navpoly_map = [  ]
0/autotile/priority_map = [  ]
0/autotile/z_index_map = [  ]
0/occluder_offset = Vector2( 0, 0 )
0/navigation_offset = Vector2( 0, 0 )
0/shape_offset = Vector2( 0, 0 )
0/shape_transform = Transform2D( 1, 0, 0, 1, 0, 0 )
0/shape = SubResource( 9 )
0/shape_one_way = false
0/shape_one_way_margin = 1.0
0/shapes = [ {
"autotile_coord": Vector2( 0, 0 ),
"one_way": false,
"one_way_margin": 1.0,
"shape": SubResource( 9 ),
"shape_transform": Transform2D( 1, 0, 0, 1, 0, 0 )
}, {
"autotile_coord": Vector2( 1, 0 ),
"one_way": false,
"one_way_margin": 1.0,
"shape": SubResource( 10 ),
"shape_transform": Transform2D( 1, 0, 0, 1, 0, 0 )
}, {
"autotile_coord": Vector2( 2, 0 ),
"one_way": false,
"one_way_margin": 1.0,
"shape": SubResource( 11 ),
"shape_transform": Transform2D( 1, 0, 0, 1, 0, 0 )
}, {
"autotile_coord": Vector2( 0, 1 ),
"one_way": false,
"one_way_margin": 1.0,
"shape": SubResource( 12 ),
"shape_transform": Transform2D( 1, 0, 0, 1, 0, 0 )
}, {
"autotile_coord": Vector2( 1, 1 ),
"one_way": false,
"one_way_margin": 1.0,
"shape": SubResource( 13 ),
"shape_transform": Transform2D( 1, 0, 0, 1, 0, 0 )
}, {
"autotile_coord": Vector2( 2, 1 ),
"one_way": false,
"one_way_margin": 1.0,
"shape": SubResource( 14 ),
"shape_transform": Transform2D( 1, 0, 0, 1, 0, 0 )
}, {
"autotile_coord": Vector2( 0, 2 ),
"one_way": false,
"one_way_margin": 1.0,
"shape": SubResource( 15 ),
"shape_transform": Transform2D( 1, 0, 0, 1, 0, 0 )
}, {
"autotile_coord": Vector2( 1, 2 ),
"one_way": false,
"one_way_margin": 1.0,
"shape": SubResource( 16 ),
"shape_transform": Transform2D( 1, 0, 0, 1, 0, 0 )
}, {
"autotile_coord": Vector2( 2, 2 ),
"one_way": false,
"one_way_margin": 1.0,
"shape": SubResource( 17 ),
"shape_transform": Transform2D( 1, 0, 0, 1, 0, 0 )
} ]
0/z_index = 0

[node name="Node2D" type="Node2D"]

[node name="Viewport" type="Viewport" parent="."]
size = Vector2( 64, 64 )
transparent_bg = true
debug_draw = 1
render_target_update_mode = 3
gui_disable_input = true

[node name="Camera_a" type="Camera" parent="Viewport"]
transform = Transform( 1, 0, 0, 0, 1, 0, 0, 0, 1, 0, 1, 6.175 )
projection = 1
current = true
fov = 40.7
size = 2.3
far = 29.2

[node name="player" parent="Viewport" instance=ExtResource( 1 )]
transform = Transform( 0, 0, 1, 0, 1, 0, -1, 0, 0, 0, -0.005, 0 )

[node name="Skeleton" parent="Viewport/player/metarig" index="0"]
bones/0/bound_children = [ NodePath("BoneAttachment 58") ]
bones/1/bound_children = [ NodePath("BoneAttachment 52") ]
bones/2/bound_children = [ NodePath("BoneAttachment 51") ]
bones/5/bound_children = [ NodePath("BoneAttachment 2") ]
bones/6/bound_children = [ NodePath("BoneAttachment") ]
bones/7/bound_children = [ NodePath("BoneAttachment 3") ]
bones/8/bound_children = [ NodePath("BoneAttachment 4") ]
bones/9/bound_children = [ NodePath("BoneAttachment 5") ]
bones/10/bound_children = [ NodePath("BoneAttachment 27") ]
bones/11/bound_children = [ NodePath("BoneAttachment 26") ]
bones/12/bound_children = [ NodePath("BoneAttachment 25") ]
bones/13/bound_children = [ NodePath("BoneAttachment 9") ]
bones/14/bound_children = [ NodePath("BoneAttachment 8") ]
bones/15/bound_children = [ NodePath("BoneAttachment 7") ]
bones/16/bound_children = [ NodePath("BoneAttachment 6") ]
bones/17/bound_children = [ NodePath("BoneAttachment 13") ]
bones/18/bound_children = [ NodePath("BoneAttachment 12") ]
bones/19/bound_children = [ NodePath("BoneAttachment 11") ]
bones/20/bound_children = [ NodePath("BoneAttachment 10") ]
bones/21/bound_children = [ NodePath("BoneAttachment 17") ]
bones/22/bound_children = [ NodePath("BoneAttachment 16") ]
bones/23/bound_children = [ NodePath("BoneAttachment 15") ]
bones/24/bound_children = [ NodePath("BoneAttachment 14") ]
bones/25/bound_children = [ NodePath("BoneAttachment 21") ]
bones/26/bound_children = [ NodePath("BoneAttachment 20") ]
bones/27/bound_children = [ NodePath("BoneAttachment 19") ]
bones/28/bound_children = [ NodePath("BoneAttachment 18") ]
bones/29/bound_children = [ NodePath("BoneAttachment 24") ]
bones/30/bound_children = [ NodePath("BoneAttachment 23") ]
bones/31/bound_children = [ NodePath("BoneAttachment 22") ]
bones/32/bound_children = [ NodePath("BoneAttachment 50") ]
bones/33/bound_children = [ NodePath("BoneAttachment 49") ]
bones/34/bound_children = [ NodePath("BoneAttachment 48") ]
bones/35/bound_children = [ NodePath("BoneAttachment 47") ]
bones/36/bound_children = [ NodePath("BoneAttachment 31") ]
bones/37/bound_children = [ NodePath("BoneAttachment 30") ]
bones/38/bound_children = [ NodePath("BoneAttachment 29") ]
bones/39/bound_children = [ NodePath("BoneAttachment 28") ]
bones/40/bound_children = [ NodePath("BoneAttachment 35") ]
bones/41/bound_children = [ NodePath("BoneAttachment 34") ]
bones/42/bound_children = [ NodePath("BoneAttachment 33") ]
bones/43/bound_children = [ NodePath("BoneAttachment 32") ]
bones/44/bound_children = [ NodePath("BoneAttachment 39") ]
bones/45/bound_children = [ NodePath("BoneAttachment 38") ]
bones/46/bound_children = [ NodePath("BoneAttachment 37") ]
bones/47/bound_children = [ NodePath("BoneAttachment 36") ]
bones/48/bound_children = [ NodePath("BoneAttachment 43") ]
bones/49/bound_children = [ NodePath("BoneAttachment 42") ]
bones/50/bound_children = [ NodePath("BoneAttachment 41") ]
bones/51/bound_children = [ NodePath("BoneAttachment 40") ]
bones/52/bound_children = [ NodePath("BoneAttachment 46") ]
bones/53/bound_children = [ NodePath("BoneAttachment 45") ]
bones/54/bound_children = [ NodePath("BoneAttachment 44") ]
bones/57/bound_children = [ NodePath("BoneAttachment 54") ]
bones/58/bound_children = [ NodePath("BoneAttachment 53") ]
bones/60/bound_children = [ NodePath("BoneAttachment 56"), NodePath("BoneAttachment 57") ]
bones/61/bound_children = [ NodePath("BoneAttachment 55") ]

[node name="BoneAttachment" parent="Viewport/player/metarig/Skeleton" index="0"]
transform = Transform( 0.998177, -0.060356, -1.56584e-06, -1.57568e-06, -1.49012e-08, -1, 0.060356, 0.998176, -1.99544e-07, -0.0129629, 1.83489, 0.172345 )

[node name="BoneAttachment 2" parent="Viewport/player/metarig/Skeleton" index="1"]
transform = Transform( 0.998177, -5.58794e-09, -0.060356, 5.82464e-09, 1, 1.04308e-07, 0.060356, -1.49012e-08, 0.998177, -0.00482244, 1.7813, 0.0245543 )

[node name="BoneAttachment 3" parent="Viewport/player/metarig/Skeleton" index="2"]
transform = Transform( -0.998177, -0.060356, 1.39582e-07, 1.46933e-07, -8.19564e-08, 1, -0.060356, 0.998176, 1.2666e-07, 0.11778, 1.4596, -0.0413661 )

[node name="BoneAttachment 4" parent="Viewport/player/metarig/Skeleton" index="3"]
transform = Transform( -0.998177, -0.060356, 1.39582e-07, 1.46933e-07, -8.19564e-08, 1, -0.060356, 0.998176, 1.2666e-07, -0.118589, 1.4596, -0.0556584 )

[node name="BoneAttachment 5" parent="Viewport/player/metarig/Skeleton" index="4"]
transform = Transform( 0.349046, 0.894369, -0.279767, 0.861592, -0.423696, -0.279538, -0.368547, -0.143473, -0.918471, 0.213234, 1.59961, -0.00742642 )

[node name="BoneAttachment 6" parent="Viewport/player/metarig/Skeleton" index="5"]
transform = Transform( -0.967099, 0.166232, -0.192579, -0.16307, -0.986087, -0.0322696, -0.195264, 0.000195876, 0.980751, 0.986559, 1.08513, 0.120412 )

[node name="BoneAttachment 7" parent="Viewport/player/metarig/Skeleton" index="6"]
transform = Transform( -0.879756, 0.472917, -0.048769, -0.475166, -0.878022, 0.057403, -0.0156735, 0.073674, 0.997159, 0.968278, 1.11907, 0.117564 )

[node name="BoneAttachment 8" parent="Viewport/player/metarig/Skeleton" index="7"]
transform = Transform( -0.761365, 0.637621, -0.117315, -0.648117, -0.743985, 0.162577, 0.0163821, 0.199814, 0.979697, 0.923509, 1.17131, 0.103535 )

[node name="BoneAttachment 9" parent="Viewport/player/metarig/Skeleton" index="8"]
transform = Transform( -0.624095, 0.753657, -0.206172, -0.770534, -0.549895, 0.322324, 0.129549, 0.360023, 0.923905, 0.841655, 1.23103, 0.0644329 )

[node name="BoneAttachment 10" parent="Viewport/player/metarig/Skeleton" index="9"]
transform = Transform( -0.909859, 0.241446, -0.337433, -0.226464, -0.970415, -0.083728, -0.347666, 0.000235677, 0.937618, 0.995587, 1.06896, 0.0872966 )

[node name="BoneAttachment 11" parent="Viewport/player/metarig/Skeleton" index="10"]
transform = Transform( -0.913288, 0.359114, 0.192203, -0.328344, -0.928334, 0.174319, 0.241029, 0.0960944, 0.965749, 0.977759, 1.11504, 0.0825261 )

[node name="BoneAttachment 12" parent="Viewport/player/metarig/Skeleton" index="11"]
transform = Transform( -0.856288, 0.516416, -0.00929, -0.505875, -0.834908, 0.21684, 0.104223, 0.190377, 0.976163, 0.942183, 1.17256, 0.0694112 )

[node name="BoneAttachment 13" parent="Viewport/player/metarig/Skeleton" index="12"]
transform = Transform( -0.648378, 0.753083, -0.111685, -0.753256, -0.613276, 0.237695, 0.11051, 0.238243, 0.964898, 0.860761, 1.23887, 0.0436525 )

[node name="BoneAttachment 14" parent="Viewport/player/metarig/Skeleton" index="13"]
transform = Transform( -0.99401, 0.0185778, 0.107704, -0.0119635, -0.998021, 0.0617375, 0.108637, 0.0600791, 0.992264, 0.993278, 1.07223, 0.043646 )

[node name="BoneAttachment 15" parent="Viewport/player/metarig/Skeleton" index="14"]
transform = Transform( -0.947437, 0.319812, -0.00920994, -0.319803, -0.94577, 0.0569707, 0.00950931, 0.0569215, 0.998333, 0.978899, 1.11475, 0.0410868 )

[node name="BoneAttachment 16" parent="Viewport/player/metarig/Skeleton" index="15"]
transform = Transform( -0.879863, 0.471006, -0.0632149, -0.474901, -0.866502, 0.153766, 0.0176488, 0.165314, 0.986083, 0.946493, 1.17437, 0.0297128 )

[node name="BoneAttachment 17" parent="Viewport/player/metarig/Skeleton" index="16"]
transform = Transform( -0.515565, 0.854803, -0.0592082, -0.839499, -0.490081, 0.234654, 0.171566, 0.170685, 0.970274, 0.860858, 1.22347, 0.0126133 )

[node name="BoneAttachment 18" parent="Viewport/player/metarig/Skeleton" index="17"]
transform = Transform( -0.993746, 0.0336293, -0.106477, -0.0199321, -0.991679, -0.127183, -0.109868, -0.124265, 0.986147, 0.976379, 1.08797, 0.000462088 )

[node name="BoneAttachment 19" parent="Viewport/player/metarig/Skeleton" index="18"]
transform = Transform( -0.979294, 0.127914, -0.156912, -0.129786, -0.991541, 0.00169545, -0.155368, 0.0220253, 0.987611, 0.971288, 1.12743, -0.000414527 )

[node name="BoneAttachment 20" parent="Viewport/player/metarig/Skeleton" index="19"]
transform = Transform( -0.873294, 0.482991, -0.0638595, -0.486911, -0.860792, 0.148174, 0.0165969, 0.160493, 0.986897, 0.949028, 1.16711, -0.0078113 )

[node name="BoneAttachment 21" parent="Viewport/player/metarig/Skeleton" index="20"]
transform = Transform( -0.614361, 0.787031, -0.0560645, -0.788815, -0.611002, 0.0666951, 0.0182354, 0.0851994, 0.996197, 0.871591, 1.22722, -0.0161941 )

[node name="BoneAttachment 22" parent="Viewport/player/metarig/Skeleton" index="21"]
transform = Transform( -0.724124, 0.684623, -0.0832827, -0.689093, -0.713284, 0.127973, 0.0282087, 0.150058, 0.988275, 0.868536, 1.1141, 0.1118 )

[node name="BoneAttachment 23" parent="Viewport/player/metarig/Skeleton" index="22"]
transform = Transform( -0.81262, 0.557142, -0.171006, -0.582784, -0.775008, 0.244389, 0.00362833, 0.298255, 0.954479, 0.838268, 1.15621, 0.0955959 )

[node name="BoneAttachment 24" parent="Viewport/player/metarig/Skeleton" index="23"]
transform = Transform( -0.848733, 0.485705, -0.209148, -0.528796, -0.775613, 0.344673, 0.00519089, 0.403132, 0.915127, 0.804714, 1.20979, 0.0677469 )

[node name="BoneAttachment 25" parent="Viewport/player/metarig/Skeleton" index="24"]
transform = Transform( -0.543048, 0.824448, -0.159326, -0.839587, -0.52997, 0.119274, 0.0138969, 0.198539, 0.979994, 0.801991, 1.27018, 0.0219816 )

[node name="BoneAttachment 26" parent="Viewport/player/metarig/Skeleton" index="25"]
transform = Transform( -0.51013, 0.832414, -0.216459, -0.859615, -0.501865, 0.0958879, -0.0288151, 0.234987, 0.971571, 0.525066, 1.43714, -0.0561933 )

[node name="BoneAttachment 27" parent="Viewport/player/metarig/Skeleton" index="26"]
transform = Transform( -0.473464, 0.869148, 0.14288, -0.880295, -0.461354, -0.110602, -0.0302114, -0.178142, 0.983541, 0.256436, 1.57973, -0.00113437 )

[node name="BoneAttachment 28" parent="Viewport/player/metarig/Skeleton" index="27"]
transform = Transform( -0.965645, -0.170089, -0.196469, 0.193235, -0.975492, -0.105237, -0.173754, -0.139586, 0.974846, -1.00478, 1.08679, 0.000680742 )

[node name="BoneAttachment 29" parent="Viewport/player/metarig/Skeleton" index="28"]
transform = Transform( -0.88227, -0.470679, -0.0077685, 0.466664, -0.876672, 0.116925, -0.0618448, 0.0995342, 0.99311, -0.987274, 1.1194, -0.00302116 )

[node name="BoneAttachment 30" parent="Viewport/player/metarig/Skeleton" index="29"]
transform = Transform( -0.748406, -0.662823, 0.0235245, 0.657507, -0.736815, 0.157443, -0.0870237, 0.133299, 0.987247, -0.93687, 1.17543, -0.0131577 )

[node name="BoneAttachment 31" parent="Viewport/player/metarig/Skeleton" index="30"]
transform = Transform( -0.562805, -0.813335, 0.147432, 0.823142, -0.535195, 0.189748, -0.0754241, 0.228148, 0.9707, -0.846729, 1.23474, -0.0384432 )

[node name="BoneAttachment 32" parent="Viewport/player/metarig/Skeleton" index="31"]
transform = Transform( -0.915546, -0.205224, -0.345919, 0.199265, -0.978505, 0.0531247, -0.349386, -0.0202915, 0.936759, -1.00848, 1.06909, -0.031146 )

[node name="BoneAttachment 33" parent="Viewport/player/metarig/Skeleton" index="32"]
transform = Transform( -0.890291, -0.391272, 0.233002, 0.401741, -0.91575, -0.00274971, 0.214447, 0.0911582, 0.972473, -0.988016, 1.11699, -0.0359142 )

[node name="BoneAttachment 34" parent="Viewport/player/metarig/Skeleton" index="33"]
transform = Transform( -0.834559, -0.540824, 0.104978, 0.549157, -0.831875, 0.0800663, 0.0440266, 0.124469, 0.991246, -0.951327, 1.17343, -0.0443579 )

[node name="BoneAttachment 35" parent="Viewport/player/metarig/Skeleton" index="34"]
transform = Transform( -0.618206, -0.77858, 0.107862, 0.783309, -0.598869, 0.166684, -0.0651818, 0.187534, 0.980093, -0.8643, 1.24037, -0.0653198 )

[node name="BoneAttachment 36" parent="Viewport/player/metarig/Skeleton" index="35"]
transform = Transform( -0.993935, 0.0172074, 0.108613, -0.0225278, -0.998595, -0.0479572, 0.107635, -0.0501132, 0.992926, -0.998047, 1.07284, -0.0756207 )

[node name="BoneAttachment 37" parent="Viewport/player/metarig/Skeleton" index="36"]
transform = Transform( -0.932137, -0.362106, 0.000735236, 0.361964, -0.931708, 0.0300555, -0.0101984, 0.0282818, 0.999547, -0.982265, 1.11344, -0.0768533 )

[node name="BoneAttachment 38" parent="Viewport/player/metarig/Skeleton" index="37"]
transform = Transform( -0.871725, -0.48946, 0.0228885, 0.489024, -0.866106, 0.103523, -0.0308466, 0.101436, 0.994363, -0.947344, 1.17524, -0.0840905 )

[node name="BoneAttachment 39" parent="Viewport/player/metarig/Skeleton" index="38"]
transform = Transform( -0.490025, -0.871543, 0.0169576, 0.867219, -0.485437, 0.110828, -0.0883598, 0.0690143, 0.993694, -0.860291, 1.22372, -0.0909839 )

[node name="BoneAttachment 40" parent="Viewport/player/metarig/Skeleton" index="39"]
transform = Transform( -0.995268, -0.00723438, -0.0968954, 0.0195955, -0.991679, -0.127235, -0.0951688, -0.128532, 0.987128, -0.970544, 1.08884, -0.118884 )

[node name="BoneAttachment 41" parent="Viewport/player/metarig/Skeleton" index="40"]
transform = Transform( -0.979101, -0.129706, -0.156643, 0.128852, -0.991541, 0.0156398, -0.157346, -0.0048709, 0.987531, -0.965382, 1.1283, -0.11869 )

[node name="BoneAttachment 42" parent="Viewport/player/metarig/Skeleton" index="41"]
transform = Transform( -0.862693, -0.505725, 0.00173225, 0.504742, -0.860792, 0.0653695, -0.031568, 0.057268, 0.997859, -0.942074, 1.16797, -0.121329 )

[node name="BoneAttachment 43" parent="Viewport/player/metarig/Skeleton" index="42"]
transform = Transform( -0.601028, -0.787657, -0.135503, 0.790269, -0.611001, 0.0463893, -0.119331, -0.0792027, 0.98969, -0.864575, 1.22809, -0.113536 )

[node name="BoneAttachment 44" parent="Viewport/player/metarig/Skeleton" index="43"]
transform = Transform( -0.752126, -0.65899, 0.00618012, 0.651824, -0.7425, 0.154338, -0.0971185, 0.12011, 0.987999, -0.885205, 1.1178, 0.00359744 )

[node name="BoneAttachment 45" parent="Viewport/player/metarig/Skeleton" index="44"]
transform = Transform( -0.781888, -0.622089, 0.0407092, 0.619157, -0.767262, 0.167191, -0.0727732, 0.15593, 0.985083, -0.853, 1.15752, -0.00447504 )

[node name="BoneAttachment 46" parent="Viewport/player/metarig/Skeleton" index="45"]
transform = Transform( -0.824814, -0.547045, 0.14291, 0.563971, -0.778026, 0.276791, -0.0402296, 0.308898, 0.950244, -0.813705, 1.21341, -0.0266634 )

[node name="BoneAttachment 47" parent="Viewport/player/metarig/Skeleton" index="46"]
transform = Transform( -0.534198, -0.839025, 0.103296, 0.844985, -0.533599, 0.0356819, 0.0251807, 0.106345, 0.99401, -0.783808, 1.28374, -0.0915725 )

[node name="BoneAttachment 48" parent="Viewport/player/metarig/Skeleton" index="47"]
transform = Transform( -0.504443, -0.857609, 0.10022, 0.863307, -0.498876, 0.0763205, -0.0154557, 0.12502, 0.992034, -0.524726, 1.43445, -0.129341 )

[node name="BoneAttachment 49" parent="Viewport/player/metarig/Skeleton" index="48"]
transform = Transform( -0.474812, -0.833685, -0.281999, 0.879673, -0.459405, -0.122977, -0.0270283, -0.306458, 0.9515, -0.261082, 1.57973, -0.0324268 )

[node name="BoneAttachment 50" parent="Viewport/player/metarig/Skeleton" index="49"]
transform = Transform( 0.516326, -0.813496, -0.26764, -0.00558624, -0.315713, 0.948838, -0.856373, -0.488415, -0.167555, -0.210447, 1.60945, -0.00745017 )

[node name="BoneAttachment 51" parent="Viewport/player/metarig/Skeleton" index="50"]
transform = Transform( 0.998177, 0.00136377, -0.0603406, 4.06287e-09, 0.999745, 0.0225956, 0.060356, -0.0225543, 0.997922, -0.00330751, 1.1715, -0.000499949 )

[node name="BoneAttachment 52" parent="Viewport/player/metarig/Skeleton" index="51"]
transform = Transform( 0.998177, -0.007421, -0.0598978, 3.33914e-08, 0.992412, -0.122954, 0.0603558, 0.12273, 0.990603, -0.00229353, 1.0359, -0.0172693 )

[node name="BoneAttachment 53" parent="Viewport/player/metarig/Skeleton" index="52"]
transform = Transform( 0.998177, 0.005953, 0.0600616, 3.66722e-09, -0.995124, 0.0986321, 0.060356, -0.0984516, -0.993307, 0.0927635, 0.415802, 0.0343623 )

[node name="BoneAttachment 54" parent="Viewport/player/metarig/Skeleton" index="53"]
transform = Transform( 0.998177, -0.00461362, 0.0601792, 1.02228e-08, -0.997074, -0.07644, 0.060356, 0.0763009, -0.995253, 0.0952381, 0.950602, -0.00656315 )

[node name="BoneAttachment 55" parent="Viewport/player/metarig/Skeleton" index="54"]
transform = Transform( 0.998177, 0.005953, 0.0600616, 3.66722e-09, -0.995124, 0.0986321, 0.060356, -0.0984516, -0.993307, -0.102879, 0.415802, 0.0225326 )

[node name="BoneAttachment 56" parent="Viewport/player/metarig/Skeleton" index="55"]
transform = Transform( 0.998177, -0.00461362, 0.0601792, 1.02228e-08, -0.997074, -0.07644, 0.060356, 0.0763009, -0.995253, -0.100405, 0.950602, -0.0183929 )

[node name="BoneAttachment 57" parent="Viewport/player/metarig/Skeleton" index="56"]
transform = Transform( 0.998177, -0.00461362, 0.0601792, 1.02228e-08, -0.997074, -0.07644, 0.060356, 0.0763009, -0.995253, -0.100405, 0.950602, -0.0183929 )

[node name="BoneAttachment 58" parent="Viewport/player/metarig/Skeleton" index="57"]
transform = Transform( 0.998177, -0.0150672, -0.0584448, 6.32991e-08, 0.968339, -0.249639, 0.0603558, 0.249184, 0.966573, 2.32406e-10, 0.888502, -0.0552 )

[node name="ik_foot_r" type="SkeletonIK" parent="Viewport/player/metarig/Skeleton" index="59"]
process_priority = 1
root_bone = "thigh_r"
tip_bone = "foot_r"
use_magnet = true
magnet = Vector3( 0, 0, 3.773 )
target_node = NodePath("../BoneAttachment2/Spatial/t_step_r")

[node name="ik_foot_l" type="SkeletonIK" parent="Viewport/player/metarig/Skeleton" index="60"]
process_priority = 1
root_bone = "thigh_l"
tip_bone = "foot_l"
use_magnet = true
magnet = Vector3( 0, 0, 2.654 )
target_node = NodePath("../BoneAttachment2/Spatial/t_step_l")

[node name="BoneAttachment2" type="BoneAttachment" parent="Viewport/player/metarig/Skeleton" index="61"]
transform = Transform( 1, 0, 1.19209e-07, 0, 1, 0, -1.19209e-07, 0, 1, 0, 0, 0 )

[node name="Spatial" type="Spatial" parent="Viewport/player/metarig/Skeleton/BoneAttachment2"]

[node name="t_step_l" type="Position3D" parent="Viewport/player/metarig/Skeleton/BoneAttachment2/Spatial"]
transform = Transform( 1, 0, 0, 0, 1, 0, 0, 0, 1, 0.186, 0, 0.6 )

[node name="t_step_r" type="Position3D" parent="Viewport/player/metarig/Skeleton/BoneAttachment2/Spatial"]
transform = Transform( 1, 0, 0, 0, 1, 0, 0, 0, 1, -0.112774, 0, -0.6 )

[node name="AnimationPlayer" parent="Viewport/player" index="1"]
autoplay = "walk"
anims/walk = ExtResource( 2 )

[node name="vp_n" type="Viewport" parent="."]
size = Vector2( 64, 64 )
own_world = true
world = SubResource( 1 )
transparent_bg = true
debug_draw = 1
render_target_update_mode = 3
gui_disable_input = true
script = SubResource( 2 )

[node name="Camera_b" type="Camera" parent="vp_n"]
transform = Transform( 1, 0, 0, 0, 1, 0, 0, 0, 1, 0, 1, 6.175 )
projection = 1
current = true
fov = 40.7
size = 2.3
far = 29.2

[node name="player_n" parent="vp_n" instance=ExtResource( 1 )]

[node name="Skeleton" parent="vp_n/player_n/metarig" index="0"]
bones/0/bound_children = [ NodePath("BoneAttachment 58") ]
bones/1/bound_children = [ NodePath("BoneAttachment 52") ]
bones/2/bound_children = [ NodePath("BoneAttachment 51") ]
bones/5/bound_children = [ NodePath("BoneAttachment 2") ]
bones/6/bound_children = [ NodePath("BoneAttachment") ]
bones/7/bound_children = [ NodePath("BoneAttachment 3") ]
bones/8/bound_children = [ NodePath("BoneAttachment 4") ]
bones/9/bound_children = [ NodePath("BoneAttachment 5") ]
bones/10/bound_children = [ NodePath("BoneAttachment 27") ]
bones/11/bound_children = [ NodePath("BoneAttachment 26") ]
bones/12/bound_children = [ NodePath("BoneAttachment 25") ]
bones/13/bound_children = [ NodePath("BoneAttachment 9") ]
bones/14/bound_children = [ NodePath("BoneAttachment 8") ]
bones/15/bound_children = [ NodePath("BoneAttachment 7") ]
bones/16/bound_children = [ NodePath("BoneAttachment 6") ]
bones/17/bound_children = [ NodePath("BoneAttachment 13") ]
bones/18/bound_children = [ NodePath("BoneAttachment 12") ]
bones/19/bound_children = [ NodePath("BoneAttachment 11") ]
bones/20/bound_children = [ NodePath("BoneAttachment 10") ]
bones/21/bound_children = [ NodePath("BoneAttachment 17") ]
bones/22/bound_children = [ NodePath("BoneAttachment 16") ]
bones/23/bound_children = [ NodePath("BoneAttachment 15") ]
bones/24/bound_children = [ NodePath("BoneAttachment 14") ]
bones/25/bound_children = [ NodePath("BoneAttachment 21") ]
bones/26/bound_children = [ NodePath("BoneAttachment 20") ]
bones/27/bound_children = [ NodePath("BoneAttachment 19") ]
bones/28/bound_children = [ NodePath("BoneAttachment 18") ]
bones/29/bound_children = [ NodePath("BoneAttachment 24") ]
bones/30/bound_children = [ NodePath("BoneAttachment 23") ]
bones/31/bound_children = [ NodePath("BoneAttachment 22") ]
bones/32/bound_children = [ NodePath("BoneAttachment 50") ]
bones/33/bound_children = [ NodePath("BoneAttachment 49") ]
bones/34/bound_children = [ NodePath("BoneAttachment 48") ]
bones/35/bound_children = [ NodePath("BoneAttachment 47") ]
bones/36/bound_children = [ NodePath("BoneAttachment 31") ]
bones/37/bound_children = [ NodePath("BoneAttachment 30") ]
bones/38/bound_children = [ NodePath("BoneAttachment 29") ]
bones/39/bound_children = [ NodePath("BoneAttachment 28") ]
bones/40/bound_children = [ NodePath("BoneAttachment 35") ]
bones/41/bound_children = [ NodePath("BoneAttachment 34") ]
bones/42/bound_children = [ NodePath("BoneAttachment 33") ]
bones/43/bound_children = [ NodePath("BoneAttachment 32") ]
bones/44/bound_children = [ NodePath("BoneAttachment 39") ]
bones/45/bound_children = [ NodePath("BoneAttachment 38") ]
bones/46/bound_children = [ NodePath("BoneAttachment 37") ]
bones/47/bound_children = [ NodePath("BoneAttachment 36") ]
bones/48/bound_children = [ NodePath("BoneAttachment 43") ]
bones/49/bound_children = [ NodePath("BoneAttachment 42") ]
bones/50/bound_children = [ NodePath("BoneAttachment 41") ]
bones/51/bound_children = [ NodePath("BoneAttachment 40") ]
bones/52/bound_children = [ NodePath("BoneAttachment 46") ]
bones/53/bound_children = [ NodePath("BoneAttachment 45") ]
bones/54/bound_children = [ NodePath("BoneAttachment 44") ]
bones/57/bound_children = [ NodePath("BoneAttachment 54") ]
bones/58/bound_children = [ NodePath("BoneAttachment 53") ]
bones/60/bound_children = [ NodePath("BoneAttachment 56"), NodePath("BoneAttachment 57") ]
bones/61/bound_children = [ NodePath("BoneAttachment 55") ]

[node name="BoneAttachment" parent="vp_n/player_n/metarig/Skeleton" index="0"]
transform = Transform( 0.998177, -0.060356, -1.56584e-06, -1.57568e-06, -1.49012e-08, -1, 0.060356, 0.998176, -1.99544e-07, -0.0129629, 1.83489, 0.172345 )

[node name="stogie" parent="vp_n/player_n/metarig/Skeleton/BoneAttachment" index="0"]
material/0 = ExtResource( 14 )
material/1 = ExtResource( 14 )

[node name="BoneAttachment 2" parent="vp_n/player_n/metarig/Skeleton" index="1"]
transform = Transform( 0.998177, -5.58794e-09, -0.060356, 5.82464e-09, 1, 1.04308e-07, 0.060356, -1.49012e-08, 0.998177, -0.00482245, 1.7813, 0.0245543 )

[node name="Cylinder" parent="vp_n/player_n/metarig/Skeleton/BoneAttachment 2" index="0"]
material/0 = ExtResource( 14 )

[node name="Cylinder001" parent="vp_n/player_n/metarig/Skeleton/BoneAttachment 2/Cylinder" index="0"]
material/0 = ExtResource( 14 )

[node name="BoneAttachment 3" parent="vp_n/player_n/metarig/Skeleton" index="2"]
transform = Transform( -0.998177, -0.060356, 1.39582e-07, 1.46933e-07, -8.19564e-08, 1, -0.060356, 0.998176, 1.2666e-07, 0.11778, 1.4596, -0.0413661 )

[node name="Cylinder006" parent="vp_n/player_n/metarig/Skeleton/BoneAttachment 3" index="0"]
material/0 = ExtResource( 14 )

[node name="BoneAttachment 4" parent="vp_n/player_n/metarig/Skeleton" index="3"]
transform = Transform( -0.998177, -0.060356, 1.39582e-07, 1.46933e-07, -8.19564e-08, 1, -0.060356, 0.998176, 1.2666e-07, -0.118589, 1.4596, -0.0556584 )

[node name="Cylinder003" parent="vp_n/player_n/metarig/Skeleton/BoneAttachment 4" index="0"]
material/0 = ExtResource( 14 )

[node name="BoneAttachment 5" parent="vp_n/player_n/metarig/Skeleton" index="4"]
transform = Transform( 0.349046, 0.894369, -0.279767, 0.861592, -0.423696, -0.279538, -0.368547, -0.143473, -0.918471, 0.213234, 1.59961, -0.00742644 )

[node name="Cube002" parent="vp_n/player_n/metarig/Skeleton/BoneAttachment 5" index="0"]
material/0 = ExtResource( 14 )

[node name="BoneAttachment 6" parent="vp_n/player_n/metarig/Skeleton" index="5"]
transform = Transform( -0.967099, 0.166232, -0.192579, -0.16307, -0.986087, -0.0322696, -0.195264, 0.000195876, 0.980751, 0.986559, 1.08513, 0.120412 )

[node name="finger_r_index_4001" parent="vp_n/player_n/metarig/Skeleton/BoneAttachment 6" index="0"]
material/0 = ExtResource( 14 )

[node name="BoneAttachment 7" parent="vp_n/player_n/metarig/Skeleton" index="6"]
transform = Transform( -0.879756, 0.472917, -0.048769, -0.475166, -0.878022, 0.057403, -0.0156735, 0.073674, 0.997159, 0.968278, 1.11907, 0.117564 )

[node name="finger_r_index_3001" parent="vp_n/player_n/metarig/Skeleton/BoneAttachment 7" index="0"]
material/0 = ExtResource( 14 )

[node name="BoneAttachment 8" parent="vp_n/player_n/metarig/Skeleton" index="7"]
transform = Transform( -0.761365, 0.637621, -0.117315, -0.648117, -0.743985, 0.162577, 0.0163821, 0.199814, 0.979697, 0.923509, 1.17131, 0.103535 )

[node name="finger_r_index_2001" parent="vp_n/player_n/metarig/Skeleton/BoneAttachment 8" index="0"]
material/0 = ExtResource( 14 )

[node name="BoneAttachment 9" parent="vp_n/player_n/metarig/Skeleton" index="8"]
transform = Transform( -0.624095, 0.753657, -0.206172, -0.770534, -0.549895, 0.322324, 0.129549, 0.360023, 0.923905, 0.841655, 1.23103, 0.064433 )

[node name="finger_r_index_1001" parent="vp_n/player_n/metarig/Skeleton/BoneAttachment 9" index="0"]
material/0 = ExtResource( 14 )

[node name="BoneAttachment 10" parent="vp_n/player_n/metarig/Skeleton" index="9"]
transform = Transform( -0.909859, 0.241446, -0.337433, -0.226464, -0.970415, -0.083728, -0.347666, 0.000235677, 0.937618, 0.995587, 1.06896, 0.0872966 )

[node name="finger_r_middle_4001" parent="vp_n/player_n/metarig/Skeleton/BoneAttachment 10" index="0"]
material/0 = ExtResource( 14 )

[node name="BoneAttachment 11" parent="vp_n/player_n/metarig/Skeleton" index="10"]
transform = Transform( -0.913288, 0.359114, 0.192203, -0.328344, -0.928334, 0.174319, 0.241029, 0.0960944, 0.965749, 0.977759, 1.11505, 0.0825261 )

[node name="finger_r_middle_3001" parent="vp_n/player_n/metarig/Skeleton/BoneAttachment 11" index="0"]
material/0 = ExtResource( 14 )

[node name="BoneAttachment 12" parent="vp_n/player_n/metarig/Skeleton" index="11"]
transform = Transform( -0.856288, 0.516416, -0.00929, -0.505875, -0.834908, 0.21684, 0.104223, 0.190377, 0.976163, 0.942183, 1.17256, 0.0694112 )

[node name="finger_r_middle_2001" parent="vp_n/player_n/metarig/Skeleton/BoneAttachment 12" index="0"]
material/0 = ExtResource( 14 )

[node name="BoneAttachment 13" parent="vp_n/player_n/metarig/Skeleton" index="12"]
transform = Transform( -0.648378, 0.753083, -0.111685, -0.753256, -0.613276, 0.237695, 0.11051, 0.238243, 0.964898, 0.860761, 1.23887, 0.0436525 )

[node name="finger_r_middle_1001" parent="vp_n/player_n/metarig/Skeleton/BoneAttachment 13" index="0"]
material/0 = ExtResource( 14 )

[node name="BoneAttachment 14" parent="vp_n/player_n/metarig/Skeleton" index="13"]
transform = Transform( -0.99401, 0.0185778, 0.107704, -0.0119635, -0.998021, 0.0617375, 0.108637, 0.0600791, 0.992264, 0.993278, 1.07223, 0.043646 )

[node name="finger_r_ring_4001" parent="vp_n/player_n/metarig/Skeleton/BoneAttachment 14" index="0"]
material/0 = ExtResource( 14 )

[node name="BoneAttachment 15" parent="vp_n/player_n/metarig/Skeleton" index="14"]
transform = Transform( -0.947437, 0.319812, -0.00920994, -0.319803, -0.94577, 0.0569707, 0.00950931, 0.0569215, 0.998333, 0.9789, 1.11475, 0.0410869 )

[node name="finger_r_ring_3001" parent="vp_n/player_n/metarig/Skeleton/BoneAttachment 15" index="0"]
material/0 = ExtResource( 14 )

[node name="BoneAttachment 16" parent="vp_n/player_n/metarig/Skeleton" index="15"]
transform = Transform( -0.879863, 0.471006, -0.0632149, -0.474901, -0.866502, 0.153766, 0.0176488, 0.165314, 0.986083, 0.946493, 1.17437, 0.0297128 )

[node name="finger_r_ring_2001" parent="vp_n/player_n/metarig/Skeleton/BoneAttachment 16" index="0"]
material/0 = ExtResource( 14 )

[node name="BoneAttachment 17" parent="vp_n/player_n/metarig/Skeleton" index="16"]
transform = Transform( -0.515565, 0.854803, -0.0592082, -0.839499, -0.490081, 0.234654, 0.171566, 0.170685, 0.970274, 0.860858, 1.22347, 0.0126133 )

[node name="finger_r_ring_1001" parent="vp_n/player_n/metarig/Skeleton/BoneAttachment 17" index="0"]
material/0 = ExtResource( 14 )

[node name="BoneAttachment 18" parent="vp_n/player_n/metarig/Skeleton" index="17"]
transform = Transform( -0.993746, 0.0336293, -0.106477, -0.0199321, -0.991679, -0.127183, -0.109868, -0.124265, 0.986147, 0.976379, 1.08797, 0.000462074 )

[node name="finger_r_pinky_4001" parent="vp_n/player_n/metarig/Skeleton/BoneAttachment 18" index="0"]
material/0 = ExtResource( 14 )

[node name="BoneAttachment 19" parent="vp_n/player_n/metarig/Skeleton" index="18"]
transform = Transform( -0.979294, 0.127914, -0.156912, -0.129786, -0.991541, 0.00169545, -0.155368, 0.0220253, 0.987611, 0.971288, 1.12743, -0.000414526 )

[node name="finger_r_pinky_3001" parent="vp_n/player_n/metarig/Skeleton/BoneAttachment 19" index="0"]
material/0 = ExtResource( 14 )

[node name="BoneAttachment 20" parent="vp_n/player_n/metarig/Skeleton" index="19"]
transform = Transform( -0.873294, 0.482991, -0.0638595, -0.486911, -0.860792, 0.148174, 0.0165969, 0.160493, 0.986897, 0.949028, 1.16711, -0.00781129 )

[node name="finger_r_pinky_2001" parent="vp_n/player_n/metarig/Skeleton/BoneAttachment 20" index="0"]
material/0 = ExtResource( 14 )

[node name="BoneAttachment 21" parent="vp_n/player_n/metarig/Skeleton" index="20"]
transform = Transform( -0.614361, 0.787031, -0.0560645, -0.788815, -0.611002, 0.0666951, 0.0182354, 0.0851994, 0.996197, 0.871592, 1.22722, -0.0161941 )

[node name="finger_r_pinky_1001" parent="vp_n/player_n/metarig/Skeleton/BoneAttachment 21" index="0"]
material/0 = ExtResource( 14 )

[node name="BoneAttachment 22" parent="vp_n/player_n/metarig/Skeleton" index="21"]
transform = Transform( -0.724124, 0.684623, -0.0832827, -0.689093, -0.713284, 0.127973, 0.0282087, 0.150058, 0.988275, 0.868537, 1.1141, 0.1118 )

[node name="finger_r_thumb_3001" parent="vp_n/player_n/metarig/Skeleton/BoneAttachment 22" index="0"]
material/0 = ExtResource( 14 )
material/1 = ExtResource( 14 )

[node name="BoneAttachment 23" parent="vp_n/player_n/metarig/Skeleton" index="22"]
transform = Transform( -0.81262, 0.557142, -0.171006, -0.582784, -0.775008, 0.244389, 0.00362833, 0.298255, 0.954479, 0.838268, 1.15621, 0.0955959 )

[node name="finger_r_thumb_2001" parent="vp_n/player_n/metarig/Skeleton/BoneAttachment 23" index="0"]
material/0 = ExtResource( 14 )

[node name="BoneAttachment 24" parent="vp_n/player_n/metarig/Skeleton" index="23"]
transform = Transform( -0.848733, 0.485705, -0.209148, -0.528796, -0.775613, 0.344673, 0.00519089, 0.403132, 0.915127, 0.804714, 1.20979, 0.0677469 )

[node name="finger_r_thumb_1001" parent="vp_n/player_n/metarig/Skeleton/BoneAttachment 24" index="0"]
material/0 = ExtResource( 14 )

[node name="BoneAttachment 25" parent="vp_n/player_n/metarig/Skeleton" index="24"]
transform = Transform( -0.543048, 0.824448, -0.159326, -0.839587, -0.52997, 0.119274, 0.0138969, 0.198539, 0.979994, 0.801992, 1.27018, 0.0219817 )

[node name="Arm_r_hand001" parent="vp_n/player_n/metarig/Skeleton/BoneAttachment 25" index="0"]
material/0 = ExtResource( 14 )
material/1 = ExtResource( 14 )
material/2 = ExtResource( 14 )

[node name="BoneAttachment 26" parent="vp_n/player_n/metarig/Skeleton" index="25"]
transform = Transform( -0.51013, 0.832414, -0.216459, -0.859615, -0.501865, 0.0958879, -0.0288151, 0.234987, 0.971571, 0.525066, 1.43714, -0.0561932 )

[node name="Cube006" parent="vp_n/player_n/metarig/Skeleton/BoneAttachment 26" index="0"]
material/0 = ExtResource( 14 )

[node name="BoneAttachment 27" parent="vp_n/player_n/metarig/Skeleton" index="26"]
transform = Transform( -0.473464, 0.869148, 0.14288, -0.880295, -0.461354, -0.110602, -0.0302114, -0.178142, 0.983541, 0.256436, 1.57973, -0.00113434 )

[node name="Cube005" parent="vp_n/player_n/metarig/Skeleton/BoneAttachment 27" index="0"]
transform = Transform( -0.473077, -0.88102, -0.0012976, 0.857325, -0.460013, -0.231044, 0.202957, -0.110414, 0.972943, 1.51359, 0.502854, 0.138622 )
material/0 = ExtResource( 14 )

[node name="BoneAttachment 28" parent="vp_n/player_n/metarig/Skeleton" index="27"]
transform = Transform( -0.965645, -0.170089, -0.196469, 0.193235, -0.975492, -0.105237, -0.173754, -0.139586, 0.974846, -1.00478, 1.08679, 0.000680794 )

[node name="finger_r_index_4" parent="vp_n/player_n/metarig/Skeleton/BoneAttachment 28" index="0"]
material/0 = ExtResource( 14 )

[node name="BoneAttachment 29" parent="vp_n/player_n/metarig/Skeleton" index="28"]
transform = Transform( -0.88227, -0.470679, -0.0077685, 0.466664, -0.876672, 0.116925, -0.0618448, 0.0995342, 0.99311, -0.987274, 1.1194, -0.00302111 )

[node name="finger_r_index_3" parent="vp_n/player_n/metarig/Skeleton/BoneAttachment 29" index="0"]
material/0 = ExtResource( 14 )

[node name="BoneAttachment 30" parent="vp_n/player_n/metarig/Skeleton" index="29"]
transform = Transform( -0.748406, -0.662823, 0.0235245, 0.657507, -0.736815, 0.157443, -0.0870237, 0.133299, 0.987247, -0.93687, 1.17543, -0.0131577 )

[node name="finger_r_index_2" parent="vp_n/player_n/metarig/Skeleton/BoneAttachment 30" index="0"]
material/0 = ExtResource( 14 )

[node name="BoneAttachment 31" parent="vp_n/player_n/metarig/Skeleton" index="30"]
transform = Transform( -0.562805, -0.813335, 0.147432, 0.823142, -0.535195, 0.189748, -0.0754241, 0.228148, 0.9707, -0.846729, 1.23474, -0.0384432 )

[node name="finger_r_index_1" parent="vp_n/player_n/metarig/Skeleton/BoneAttachment 31" index="0"]
material/0 = ExtResource( 14 )

